# Source Font Path: /System/Library/Fonts/Avenir.ttc
# Output Texture Size: 512
# Encoding: unicode
# Highest Code Point: 128
# Codepoint Range Pairs:(low, high+1) []
# Glyph Bitmap Size for Sampling: 1024
# Ratio Spread to Glyph: 0.2
# Glyph Scaling from Sampling to Packed Signed Dist: 0.0449107
# Associated Texture File: signed_dist_font.png
#	Code Point	Width	Height	Horizontal Bearing X	Horizontal Bearing Y	Horizontal Advance	Vertical Bearing X	Vertical Bearing Y	Vertical Advance	Texture Coord X	Texture Coord Y	Texture Width	Texture Height
SPREAD IN TEXTURE
0.0175781
SPREAD IN FONT METRICS
0.195701
GLYPHS
32	0	0	0	0	0.27832	-0.139648	0.661133	1.3252	0.0175781	0.0175781	0	0
33	0.108398	0.713867	0.0849609	0.708008	0.27832	-0.0546875	0.304688	1.3252	0.0527344	0.0175781	0.0097365	0.0641206
34	0.206055	0.235352	0.15625	0.708008	0.518555	-0.102539	0.544922	1.3252	0.0976562	0.0175781	0.0185081	0.0211396
35	0.487305	0.708008	0.0341797	0.708008	0.555664	-0.243164	0.307617	1.3252	0.152344	0.0175781	0.0437704	0.0635943
36	0.462891	0.875977	0.0429688	0.791992	0.555664	-0.235352	0.223633	1.3252	0.232422	0.0175781	0.0415775	0.0786815
37	0.758789	0.768555	0.0371094	0.738281	0.833008	-0.378906	0.277344	1.3252	0.310547	0.0175781	0.0681555	0.0690327
38	0.640625	0.743164	0.0478516	0.725586	0.704102	-0.304688	0.290039	1.3252	0.414062	0.0175781	0.0575419	0.0667521
39	0.0605469	0.235352	0.0996094	0.708008	0.259766	-0.0302734	0.544922	1.3252	0.507812	0.0175781	0.00543841	0.0211396
40	0.199219	0.896484	0.0537109	0.736328	0.259766	-0.0761719	0.213867	1.3252	0.548828	0.0175781	0.0178941	0.0805235
41	0.198242	0.896484	0.0078125	0.736328	0.259766	-0.12207	0.213867	1.3252	0.603516	0.0175781	0.0178064	0.0805235
42	0.382812	0.356445	0.0302734	0.708008	0.444336	-0.191406	0.483398	1.3252	0.658203	0.0175781	0.0343848	0.0320164
43	0.511719	0.508789	0.0771484	0.557617	0.666016	-0.255859	0.407227	1.3252	0.0175781	0.134766	0.0459633	0.0457002
44	0.149414	0.235352	0.0644531	0.0947266	0.27832	-0.0742188	0.544922	1.3252	0.0996094	0.134766	0.0134206	0.0211396
45	0.258789	0.0664062	0.0371094	0.273438	0.333008	-0.128906	0.628906	1.3252	0.148438	0.134766	0.0232448	0.0059647
46	0.108398	0.108398	0.0849609	0.102539	0.27832	-0.0546875	0.607422	1.3252	0.207031	0.134766	0.0097365	0.0097365
47	0.360352	0.743164	0.00488281	0.725586	0.370117	-0.180664	0.290039	1.3252	0.251953	0.134766	0.0323673	0.0667521
48	0.481445	0.731445	0.0371094	0.719727	0.555664	-0.240234	0.296875	1.3252	0.320312	0.134766	0.0432441	0.0656995
49	0.245117	0.708008	0.103516	0.708008	0.555664	-0.174805	0.307617	1.3252	0.400391	0.134766	0.0220168	0.0635943
50	0.450195	0.719727	0.0478516	0.719727	0.555664	-0.230469	0.301758	1.3252	0.458984	0.134766	0.0404372	0.0646469
51	0.450195	0.731445	0.0371094	0.719727	0.555664	-0.240234	0.296875	1.3252	0.535156	0.134766	0.0404372	0.0656995
52	0.481445	0.708008	0.0371094	0.708008	0.555664	-0.240234	0.307617	1.3252	0.611328	0.134766	0.0432441	0.0635943
53	0.442383	0.719727	0.0478516	0.708008	0.555664	-0.230469	0.301758	1.3252	0.691406	0.134766	0.0397355	0.0646469
54	0.460938	0.719727	0.0478516	0.708008	0.555664	-0.230469	0.301758	1.3252	0.0175781	0.238281	0.0414021	0.0646469
55	0.420898	0.708008	0.0537109	0.708008	0.555664	-0.224609	0.307617	1.3252	0.0957031	0.238281	0.0378057	0.0635943
56	0.449219	0.731445	0.0537109	0.719727	0.555664	-0.224609	0.296875	1.3252	0.169922	0.238281	0.0403495	0.0656995
57	0.460938	0.719727	0.0478516	0.719727	0.555664	-0.230469	0.301758	1.3252	0.246094	0.238281	0.0414021	0.0646469
58	0.108398	0.478516	0.0849609	0.472656	0.27832	-0.0546875	0.422852	1.3252	0.324219	0.238281	0.0097365	0.042981
59	0.149414	0.613281	0.0644531	0.472656	0.27832	-0.0742188	0.355469	1.3252	0.369141	0.238281	0.0134206	0.0550858
60	0.511719	0.522461	0.0771484	0.564453	0.666016	-0.255859	0.400391	1.3252	0.417969	0.238281	0.0459633	0.0469282
61	0.511719	0.209961	0.0771484	0.408203	0.666016	-0.255859	0.556641	1.3252	0.5	0.238281	0.0459633	0.018859
62	0.511719	0.522461	0.0771484	0.564453	0.666016	-0.255859	0.400391	1.3252	0.582031	0.238281	0.0459633	0.0469282
63	0.391602	0.725586	0.046875	0.719727	0.482422	-0.194336	0.298828	1.3252	0.664062	0.238281	0.0351742	0.0651732
64	0.714844	0.743164	0.0429688	0.725586	0.799805	-0.357422	0.290039	1.3252	0.736328	0.238281	0.0642083	0.0667521
65	0.686523	0.708008	0	0.708008	0.685547	-0.34375	0.307617	1.3252	0.0175781	0.341797	0.0616645	0.0635943
66	0.474609	0.708008	0.0957031	0.708008	0.629883	-0.219727	0.307617	1.3252	0.115234	0.341797	0.0426301	0.0635943
67	0.631836	0.743164	0.0478516	0.725586	0.704102	-0.304688	0.290039	1.3252	0.193359	0.341797	0.0567524	0.0667521
68	0.607422	0.708008	0.0859375	0.708008	0.741211	-0.285156	0.307617	1.3252	0.287109	0.341797	0.0545595	0.0635943
69	0.452148	0.708008	0.0957031	0.708008	0.592773	-0.201172	0.307617	1.3252	0.376953	0.341797	0.0406126	0.0635943
70	0.427734	0.708008	0.0957031	0.708008	0.555664	-0.182617	0.307617	1.3252	0.453125	0.341797	0.0384197	0.0635943
71	0.637695	0.743164	0.0478516	0.725586	0.77832	-0.341797	0.290039	1.3252	0.527344	0.341797	0.0572787	0.0667521
72	0.53125	0.708008	0.0957031	0.708008	0.72168	-0.265625	0.307617	1.3252	0.621094	0.341797	0.0477176	0.0635943
73	0.0732422	0.708008	0.0957031	0.708008	0.263672	-0.0361328	0.307617	1.3252	0.705078	0.341797	0.00657872	0.0635943
74	0.382812	0.725586	0.0136719	0.708008	0.482422	-0.227539	0.298828	1.3252	0.748047	0.341797	0.0343848	0.0651732
75	0.539062	0.708008	0.0957031	0.708008	0.629883	-0.219727	0.307617	1.3252	0.818359	0.341797	0.0484194	0.0635943
76	0.402344	0.708008	0.0957031	0.708008	0.5	-0.154297	0.307617	1.3252	0.0175781	0.445312	0.0361391	0.0635943
77	0.699219	0.708008	0.0957031	0.708008	0.889648	-0.349609	0.307617	1.3252	0.0898438	0.445312	0.0628048	0.0635943
78	0.586914	0.708008	0.0957031	0.708008	0.77832	-0.293945	0.307617	1.3252	0.189453	0.445312	0.0527175	0.0635943
79	0.738281	0.743164	0.0478516	0.725586	0.833984	-0.369141	0.290039	1.3252	0.277344	0.445312	0.0663135	0.0667521
80	0.439453	0.708008	0.0957031	0.708008	0.574219	-0.191406	0.307617	1.3252	0.378906	0.445312	0.0394723	0.0635943
81	0.763672	0.725586	0.0478516	0.725586	0.833984	-0.369141	0.298828	1.3252	0.455078	0.445312	0.0685941	0.0651732
82	0.474609	0.708008	0.0957031	0.708008	0.592773	-0.201172	0.307617	1.3252	0.560547	0.445312	0.0426301	0.0635943
83	0.457031	0.743164	0.0498047	0.725586	0.555664	-0.228516	0.290039	1.3252	0.638672	0.445312	0.0410512	0.0667521
84	0.546875	0.708008	0.0136719	0.708008	0.574219	-0.273438	0.307617	1.3252	0.716797	0.445312	0.0491211	0.0635943
85	0.518555	0.725586	0.0839844	0.708008	0.685547	-0.259766	0.298828	1.3252	0.802734	0.445312	0.0465773	0.0651732
86	0.618164	0.708008	-0.00390625	0.708008	0.611328	-0.308594	0.307617	1.3252	0.884766	0.445312	0.0555244	0.0635943
87	0.944336	0.708008	0	0.708008	0.944336	-0.472656	0.307617	1.3252	0.0175781	0.548828	0.0848216	0.0635943
88	0.618164	0.708008	0.00585938	0.708008	0.629883	-0.30957	0.307617	1.3252	0.138672	0.548828	0.0555244	0.0635943
89	0.603516	0.708008	-0.0146484	0.708008	0.574219	-0.301758	0.307617	1.3252	0.230469	0.548828	0.0542086	0.0635943
90	0.510742	0.708008	0.0224609	0.708008	0.555664	-0.255859	0.307617	1.3252	0.320312	0.548828	0.0458756	0.0635943
91	0.163086	0.888672	0.0644531	0.732422	0.259766	-0.0654297	0.217773	1.3252	0.402344	0.548828	0.0146486	0.0798218
92	0.360352	0.743164	0.00488281	0.725586	0.370117	-0.180664	0.290039	1.3252	0.453125	0.548828	0.0323673	0.0667521
93	0.163086	0.888672	0.0322266	0.732422	0.259766	-0.0976562	0.217773	1.3252	0.521484	0.548828	0.0146486	0.0798218
94	0.507812	0.432617	0.0791016	0.708008	0.666016	-0.253906	0.445312	1.3252	0.572266	0.548828	0.0456124	0.0388583
95	0.5	0.0498047	0	-0.0751953	0.5	-0.25	0.636719	1.3252	0.654297	0.548828	0.0449107	0.00447353
96	0.192383	0.143555	-0.0107422	0.708008	0.240234	-0.130859	0.589844	1.3252	0.734375	0.548828	0.0172801	0.0128943
97	0.398438	0.492188	0.0478516	0.480469	0.518555	-0.211914	0.415039	1.3252	0.787109	0.548828	0.0357882	0.044209
98	0.5	0.767578	0.0712891	0.755859	0.611328	-0.234375	0.277344	1.3252	0.0175781	0.664062	0.0449107	0.068945
99	0.419922	0.496094	0.0478516	0.482422	0.482422	-0.193359	0.414062	1.3252	0.0976562	0.664062	0.037718	0.0445598
100	0.5	0.767578	0.0390625	0.755859	0.611328	-0.265625	0.277344	1.3252	0.171875	0.664062	0.0449107	0.068945
101	0.460938	0.492188	0.0478516	0.480469	0.555664	-0.230469	0.415039	1.3252	0.251953	0.664062	0.0414021	0.044209
102	0.313477	0.767578	0.0136719	0.767578	0.295898	-0.134766	0.277344	1.3252	0.330078	0.664062	0.0281569	0.068945
103	0.487305	0.720703	0.0478516	0.480469	0.611328	-0.257812	0.301758	1.3252	0.394531	0.664062	0.0437704	0.0647346
104	0.402344	0.755859	0.0712891	0.755859	0.555664	-0.206055	0.283203	1.3252	0.474609	0.664062	0.0361391	0.0678924
105	0.0976562	0.696289	0.0712891	0.696289	0.240234	-0.0488281	0.313477	1.3252	0.546875	0.664062	0.00877162	0.0625417
106	0.200195	0.936523	-0.03125	0.696289	0.240234	-0.151367	0.193359	1.3252	0.591797	0.664062	0.0179818	0.0841199
107	0.412109	0.755859	0.0712891	0.755859	0.482422	-0.169922	0.283203	1.3252	0.646484	0.664062	0.0370163	0.0678924
108	0.0664062	0.755859	0.0869141	0.755859	0.240234	-0.0332031	0.283203	1.3252	0.71875	0.664062	0.0059647	0.0678924
109	0.704102	0.480469	0.0664062	0.480469	0.851562	-0.359375	0.421875	1.3252	0.0175781	0.785156	0.0632434	0.0431564
110	0.407227	0.480469	0.0664062	0.480469	0.555664	-0.211914	0.421875	1.3252	0.117188	0.785156	0.0365777	0.0431564
111	0.498047	0.492188	0.0478516	0.480469	0.592773	-0.249023	0.415039	1.3252	0.189453	0.785156	0.0447353	0.044209
112	0.5	0.768555	0.0712891	0.480469	0.611328	-0.234375	0.277344	1.3252	0.269531	0.785156	0.0449107	0.0690327
113	0.5	0.768555	0.0390625	0.480469	0.611328	-0.265625	0.277344	1.3252	0.349609	0.785156	0.0449107	0.0690327
114	0.267578	0.480469	0.0742188	0.480469	0.332031	-0.0917969	0.421875	1.3252	0.429688	0.785156	0.0240342	0.0431564
115	0.363281	0.492188	0.0322266	0.480469	0.425781	-0.180664	0.415039	1.3252	0.490234	0.785156	0.0326304	0.044209
116	0.304688	0.611328	0.0136719	0.599609	0.332031	-0.152344	0.356445	1.3252	0.558594	0.785156	0.0273675	0.0549104
117	0.407227	0.479492	0.0712891	0.467773	0.555664	-0.206055	0.422852	1.3252	0.623047	0.785156	0.0365777	0.0430687
118	0.455078	0.467773	0.0136719	0.467773	0.482422	-0.227539	0.427734	1.3252	0.695312	0.785156	0.0408758	0.0420161
119	0.694336	0.467773	0.0136719	0.467773	0.72168	-0.347656	0.427734	1.3252	0.771484	0.785156	0.0623662	0.0420161
120	0.482422	0.467773	0	0.467773	0.482422	-0.241211	0.427734	1.3252	0.0175781	0.890625	0.0433318	0.0420161
121	0.454102	0.708008	0.015625	0.467773	0.482422	-0.225586	0.307617	1.3252	0.0976562	0.890625	0.0407881	0.0635943
122	0.380859	0.467773	0.0224609	0.467773	0.425781	-0.19043	0.427734	1.3252	0.173828	0.890625	0.0342093	0.0420161
123	0.261719	0.888672	0.0117188	0.732422	0.259766	-0.118164	0.217773	1.3252	0.244141	0.890625	0.023508	0.0798218
124	0.0615234	0.773438	0.0800781	0.755859	0.22168	-0.0302734	0.275391	1.3252	0.304688	0.890625	0.00552612	0.0694713
125	0.261719	0.888672	-0.0136719	0.732422	0.259766	-0.143555	0.217773	1.3252	0.345703	0.890625	0.023508	0.0798218
126	0.488281	0.135742	0.0888672	0.371094	0.666016	-0.244141	0.59375	1.3252	0.40625	0.890625	0.0438581	0.0121926
#Kernings	Pred Code Point	Succ Code Point 1	Kerning1	Succ Code Point 2	Kerning 2...
KERNINGS
65	84	-0.0683594	86	-0.0498047	87	-0.00488281	89	-0.0742188	118	-0.0175781	119	-0.0175781	121	-0.0175781
70	44	-0.128906	46	-0.128906	65	-0.0546875
76	84	-0.0917969	86	-0.0917969	87	-0.0546875	89	-0.0976562	121	-0.0371094
80	44	-0.15332	46	-0.15332	65	-0.0742188
82	84	0.00585938	86	0.00585938	87	0.015625	89	-0.0126953	121	0.0244141
84	44	-0.111328	45	-0.128906	46	-0.111328	58	-0.111328	59	-0.111328	65	-0.0683594	97	-0.111328	99	-0.111328	101	-0.111328	105	-0.00683594	111	-0.111328	114	-0.0917969	115	-0.111328	117	-0.0917969	119	-0.111328	121	-0.111328
86	44	-0.128906	45	-0.0546875	46	-0.128906	58	-0.0742188	59	-0.0742188	65	-0.0546875	97	-0.0546875	101	-0.0546875	105	0.00585938	111	-0.0546875	114	-0.0371094	117	-0.0371094	121	-0.0175781
87	44	-0.0742188	46	-0.0742188	58	-0.0175781	59	-0.0175781	65	-0.0175781	97	-0.0371094	101	-0.0175781	105	0.0244141	111	-0.0175781	114	-0.0175781	117	-0.0175781
89	44	-0.123047	45	-0.111328	46	-0.0986328	58	-0.0917969	59	-0.0917969	65	-0.0742188	97	-0.0917969	101	-0.0917969	105	-0.00683594	111	-0.0917969	112	-0.0742188	113	-0.0917969	117	-0.0742188	118	-0.0546875
102	102	-0.0175781
114	44	-0.0917969	45	-0.0546875	46	-0.0917969	99	-0.0175781	100	-0.0175781	101	-0.0175781	103	-0.0175781	109	0.0175781	110	0.0175781	111	-0.0175781	113	-0.0175781
118	44	-0.0742188	46	-0.0742188
119	44	-0.0546875	46	-0.0546875
121	44	-0.0917969	46	-0.0917969
